%% extracted data at 80 mg dose
eMAP50=[108.93
106.38
105.0266667
106.4533333
106.74
104.8566667
104.1966667
105.5266667
102.6
104.55
105.3133333
];

eHR50=[68.71
63.54
60.23
58.8
56.89
57.52
56.14
58.46
60.03
60.59
61.67
];

sdMAP50=[3.21
3.02
5.17
4.316666667
4.126666667
2.49
4.09
3.403333333
2.743333333
4.943333333
4.5
];

sdHR50=[3.62
2.91
3.76
2.37
2.38
2.3
2.26
2.61
2.53
3.13
3.19
];

