%% extracted data at 10 mg dose
eTime=[0:5:60]';
eMAP10=[135.39
135.1766667
128.9666667
123.1266667
123.34
124.1966667
121.1466667
122.0533333
123.6633333
123.1766667
123.82
125.0533333
124.0366667
];

eHR10=[75.96
78.82
84.06
85.02
86.48
83.57
82.8
80.71
80.68
80.57
80.46
79.53
79.34
];

sdMAP10=[6.266666667
5.833333333
6.37
5.41
5.886666667
4.98
4.713333333
5.673333333
5.09
4.553333333
4.553333333
5.246666667
5.09
];

sdHR10=[3.87
4.21
4.45
5.02
5.69
4.12
4.95
4.28
4.12
4.69
4.2
4.12
3.46
];

