%% extracted data at 20 mg dose
eMAP20=[133.6966667
131.3733333
122.51
120.2366667
116.91
114.12
117.02
118.0933333
118.7966667
116.26
117.0733333
115.74
113.88
];

eHR20=[74.04
75.13
83.01
89
87.88
89.13
85.17
88.79
88.93
87.97
88.75
90
88.88
];

sdMAP20=[5.753333333
5.223333333
3.66
4.806666667
4.656666667
4.703333333
4.7
4.23
4.71
5.18
4.176666667
4.7
4.71
];

sdHR20=[3.16
3.95
3.15
2.37
3.16
2.37
2.37
2.37
2.36
2.36
2.37
3.16
2.37
];

