%% initial conditions
HR0= 74;
SV0=95;
TPR0= 0.01906;
MAP0=HR0*SV0*TPR0;
SP_MAP0=133.9918;
% AC0=1.79;
A0 = [SV0 HR0 TPR0 0];