%% extracted data at 80 mg dose
eMAP80=[123.19
119.46
117.05
116.8733333
115.6433333
115.7266667
115.7166667
114.81
110.6933333
108.5966667
118.93
];

eHR80=[74.36
69.52
64.06
61.3
59.34
59.25
59.3
60.65
64.04
61
64.13
];

sdMAP80=[3.93
3.65
5.616666667
6.103333333
5.216666667
3.363333333
2.236666667
1.223333333
8.013333333
1.996666667
11.67333333
];

sdHR80=[4.23
4.07
3.26
3.04
3.05
3
3.27
3.37
3.86
3.32
4.62
];

